19
-1.718868 0.308621 -1.559409 100 1 0.3 1
-0.989720 0.284807 -1.524138 100 2 0.2 1
-0.379919 0.245304 -1.510824 100 3 0.4 1
0.290044 0.217506 -1.503843 100 4 0.3 1
1.419006 0.166471 -1.522878 100 5 0.4 1
0.552300 0.197059 -0.865588 100 6 0.3 1
-0.277523 0.249317 -0.875805 100 7 0.2 1
-0.595899 0.209108 0.837581 100 8 0.4 1
0.122556 0.184492 0.884266 100 9 0.2 1
1.127817 0.347175 1.509824 100 0 0.4 1
0.708137 0.249342 1.514795 100 4 0.3 1
0.218206 0.164066 1.520439 100 5 0.2 1
-0.421656 0.169560 1.533737 100 6 0.3 1
-0.921548 0.188824 1.544127 100 7 0.2 1
-1.701380 0.172476 1.560333 100 9 0.4 1
2.555496 0.268177 0.615636 100 8 0.3 1
2.326313 0.316906 0.635015 100 2 0.2 1
2.295999 0.402347 1.479052 100 1 0.2 1
3.289523 0.174762 1.588985 100 4 0.3 1