12
3.279728 0.161733 -1.583142 100 1 0.3 0.9
2.939785 0.166471 -1.589129 100 2 0.3 0.9
2.004422 0.431833 1.499752 100 3 0.2 0.9
1.197523 0.359942 1.553019 100 4 0.3 0.8
0.270207 0.163417 1.623628 100 5 0.2 0.9
0.378781 0.197059 -0.614745 100 6 0.2 0.9
-0.443964 0.266937 -0.719819 100 7 0.4 0.99
-2.668431 0.284118 -0.746822 100 3 0.3 0.7
-3.504168 0.162003 1.407974 100 2 0.2 0.9
-3.168833 0.167865 1.464074 100 1 0.3 0.7
-2.823054 0.182582 1.518268 100 4 0.2 0.7
-1.986459 0.180379 1.588236 100 3 0.1 0.8

0 #Количество мишеней
0.0 0.2 0.0 30.0 100.0 3 0.7 0.3
0.5 0.2 0.2 -30.0 100.0 1 0.4 1.0
-0.5 0.2 0.2 -30.0 100.0 1 0.5 1.0
0.7 0.2 -0.7 -30.0 100.0 2 0.6 1.0
1.3 0.2 0.5 -30 100.0 2 0.7 1.6
-4.094929 0.257655 -3.120245 30 100 9 0 1.0
x   y   z  angle  hp TypeMove Amplitude Size


//Типы движения мишеней
#define LINIAR_MOVE			0
#define SIN_MOVE			1
#define COS_MOVE			2
#define SIZE_MOVE			3 //Увеличение и уменьшение мишени
#define LINIAR_SIZE_MOVE	4
#define SIN_SIZE_MOVE		5
#define COS_SIZE_MOVE		6
#define STATIC				7

#define LINIAR_VERTICAL		8
#define RADIAL				9
#define 					//вокруг своей оси
